vec.py:DBG:2013-11-12 01:43:16.499609: program options:
outdat: True
outsmpl: True
imgsz: 256
outjson: True
debug: False
query: False
outplot: True
vec.py:DBG:2013-11-12 01:43:16.500104: images to process: [long.jpg tall.jpg twilight_library.jpg]
vec.py:INF:2013-11-12 01:43:16.500212: ----------------------------------------
vec.py:INF:2013-11-12 01:43:16.500296: processing the image [long.jpg]
vec.py:DBG:2013-11-12 01:43:16.500473: [identify -format %w,%h long.jpg]
vec.py:INF:2013-11-12 01:43:16.520783: image width: 2560, height: 1920
vec.py:DBG:2013-11-12 01:43:16.521010: resizing to 256px
vec.py:DBG:2013-11-12 01:43:16.521185: exec cmd [ convert - -resize x256 png:- | pngtopam | mkbitmap -s 1 | potrace --tight -H 10cm -s --group -o ./long.svg ]
vec.py:INF:2013-11-12 01:43:18.820266: vectorisation sample written to ./long.svg
vec.py:DBG:2013-11-12 01:43:18.820558: exec cmd [ convert - -resize x256 png:- | pngtopam | mkbitmap -s 1 | potrace --tight -H 256 -b geojson ]
vec.py:DBG:2013-11-12 01:43:23.113942: geojson: parsing [FeatureCollection]
vec.py:DBG:2013-11-12 01:43:23.114188: geojson: parsing [Feature]
vec.py:DBG:2013-11-12 01:43:23.114310: geojson: parsing [Polygon]
vec.py:DBG:2013-11-12 01:43:23.114453: geojson: parsing [Feature]
vec.py:DBG:2013-11-12 01:43:23.114566: geojson: parsing [Polygon]
vec.py:DBG:2013-11-12 01:43:23.114790: geojson: parsing [Feature]
vec.py:DBG:2013-11-12 01:43:23.114987: geojson: parsing [Polygon]
vec.py:DBG:2013-11-12 01:43:23.115325: geojson: parsing [Feature]
vec.py:DBG:2013-11-12 01:43:23.115459: geojson: parsing [Polygon]
vec.py:DBG:2013-11-12 01:43:23.115632: geojson: parsing [Feature]
vec.py:DBG:2013-11-12 01:43:23.115882: geojson: parsing [Polygon]
vec.py:DBG:2013-11-12 01:43:23.116165: geojson: parsing [Feature]
vec.py:DBG:2013-11-12 01:43:23.116313: geojson: parsing [Polygon]
vec.py:DBG:2013-11-12 01:43:23.116496: geojson: parsing [Feature]
vec.py:DBG:2013-11-12 01:43:23.116623: geojson: parsing [Polygon]
vec.py:DBG:2013-11-12 01:43:23.116956: geojson: parsing [Feature]
vec.py:DBG:2013-11-12 01:43:23.117118: geojson: parsing [Polygon]
vec.py:DBG:2013-11-12 01:43:23.117336: geojson: parsing [Feature]
vec.py:DBG:2013-11-12 01:43:23.117467: geojson: parsing [Polygon]
vec.py:DBG:2013-11-12 01:43:23.117652: geojson: parsing [Feature]
vec.py:DBG:2013-11-12 01:43:23.117916: geojson: parsing [Polygon]
vec.py:DBG:2013-11-12 01:43:23.118171: geojson: parsing [Feature]
vec.py:DBG:2013-11-12 01:43:23.118309: geojson: parsing [Polygon]
vec.py:DBG:2013-11-12 01:43:23.118496: geojson: parsing [Feature]
vec.py:DBG:2013-11-12 01:43:23.118619: geojson: parsing [Polygon]
vec.py:DBG:2013-11-12 01:43:23.118948: geojson: parsing [Feature]
vec.py:DBG:2013-11-12 01:43:23.119110: geojson: parsing [Polygon]
vec.py:DBG:2013-11-12 01:43:23.119304: geojson: parsing [Feature]
vec.py:DBG:2013-11-12 01:43:23.119430: geojson: parsing [Polygon]
vec.py:DBG:2013-11-12 01:43:23.119616: geojson: parsing [Feature]
vec.py:DBG:2013-11-12 01:43:23.119881: geojson: parsing [Polygon]
vec.py:DBG:2013-11-12 01:43:23.120131: geojson: parsing [Feature]
vec.py:DBG:2013-11-12 01:43:23.120267: geojson: parsing [Polygon]
vec.py:DBG:2013-11-12 01:43:23.120470: geojson: parsing [Feature]
vec.py:DBG:2013-11-12 01:43:23.120599: geojson: parsing [Polygon]
vec.py:DBG:2013-11-12 01:43:23.120959: geojson: parsing [Feature]
vec.py:DBG:2013-11-12 01:43:23.121131: geojson: parsing [Polygon]
vec.py:DBG:2013-11-12 01:43:23.121340: geojson: parsing [Feature]
vec.py:DBG:2013-11-12 01:43:23.121470: geojson: parsing [Polygon]
vec.py:DBG:2013-11-12 01:43:23.121734: geojson: parsing [Feature]
vec.py:DBG:2013-11-12 01:43:23.121947: geojson: parsing [Polygon]
vec.py:DBG:2013-11-12 01:43:23.122168: geojson: parsing [Feature]
vec.py:DBG:2013-11-12 01:43:23.122299: geojson: parsing [Polygon]
vec.py:DBG:2013-11-12 01:43:23.122506: geojson: parsing [Feature]
vec.py:DBG:2013-11-12 01:43:23.122635: geojson: parsing [Polygon]
vec.py:DBG:2013-11-12 01:43:23.122995: geojson: parsing [Feature]
vec.py:DBG:2013-11-12 01:43:23.123160: geojson: parsing [Polygon]
vec.py:DBG:2013-11-12 01:43:23.123400: geojson: parsing [Feature]
vec.py:DBG:2013-11-12 01:43:23.123779: geojson: parsing [Polygon]
vec.py:DBG:2013-11-12 01:43:23.124207: geojson: parsing [Feature]
vec.py:DBG:2013-11-12 01:43:23.124430: geojson: parsing [Polygon]
vec.py:DBG:2013-11-12 01:43:23.124869: geojson: parsing [Feature]
vec.py:DBG:2013-11-12 01:43:23.125143: geojson: parsing [Polygon]
vec.py:DBG:2013-11-12 01:43:23.125526: geojson: parsing [Feature]
vec.py:DBG:2013-11-12 01:43:23.125818: geojson: parsing [Polygon]
vec.py:DBG:2013-11-12 01:43:23.126261: geojson: parsing [Feature]
vec.py:DBG:2013-11-12 01:43:23.126476: geojson: parsing [Polygon]
vec.py:DBG:2013-11-12 01:43:23.126892: geojson: parsing [Feature]
vec.py:DBG:2013-11-12 01:43:23.127113: geojson: parsing [Polygon]
vec.py:DBG:2013-11-12 01:43:23.127467: geojson: parsing [Feature]
vec.py:DBG:2013-11-12 01:43:23.127746: geojson: parsing [Polygon]
vec.py:DBG:2013-11-12 01:43:23.128106: geojson: parsing [Feature]
vec.py:DBG:2013-11-12 01:43:23.128317: geojson: parsing [Polygon]
vec.py:DBG:2013-11-12 01:43:23.128782: geojson: parsing [Feature]
vec.py:DBG:2013-11-12 01:43:23.129008: geojson: parsing [Polygon]
vec.py:DBG:2013-11-12 01:43:23.129381: geojson: parsing [Feature]
vec.py:DBG:2013-11-12 01:43:23.129608: geojson: parsing [Polygon]
vec.py:DBG:2013-11-12 01:43:23.130071: geojson: parsing [Feature]
vec.py:DBG:2013-11-12 01:43:23.130296: geojson: parsing [Polygon]
vec.py:DBG:2013-11-12 01:43:23.130728: geojson: parsing [Feature]
vec.py:DBG:2013-11-12 01:43:23.130972: geojson: parsing [Polygon]
vec.py:DBG:2013-11-12 01:43:23.131358: geojson: parsing [Feature]
vec.py:DBG:2013-11-12 01:43:23.131630: geojson: parsing [Polygon]
vec.py:DBG:2013-11-12 01:43:23.132018: geojson: parsing [Feature]
vec.py:DBG:2013-11-12 01:43:23.132189: geojson: parsing [Polygon]
vec.py:DBG:2013-11-12 01:43:23.132500: geojson: parsing [Feature]
vec.py:DBG:2013-11-12 01:43:23.132656: geojson: parsing [Polygon]
vec.py:DBG:2013-11-12 01:43:23.133155: geojson: parsing [Feature]
vec.py:DBG:2013-11-12 01:43:23.133343: geojson: parsing [Polygon]
vec.py:DBG:2013-11-12 01:43:23.133616: geojson: parsing [Feature]
vec.py:DBG:2013-11-12 01:43:23.133903: geojson: parsing [Polygon]
vec.py:DBG:2013-11-12 01:43:23.134268: geojson: parsing [Feature]
vec.py:DBG:2013-11-12 01:43:23.134436: geojson: parsing [Polygon]
vec.py:DBG:2013-11-12 01:43:23.134815: geojson: parsing [Feature]
vec.py:DBG:2013-11-12 01:43:23.135049: geojson: parsing [Polygon]
vec.py:DBG:2013-11-12 01:43:23.135343: geojson: parsing [Feature]
vec.py:DBG:2013-11-12 01:43:23.135501: geojson: parsing [Polygon]
vec.py:DBG:2013-11-12 01:43:23.135914: geojson: parsing [Feature]
vec.py:DBG:2013-11-12 01:43:23.136122: geojson: parsing [Polygon]
vec.py:DBG:2013-11-12 01:43:23.136410: geojson: parsing [Feature]
vec.py:DBG:2013-11-12 01:43:23.136568: geojson: parsing [Polygon]
vec.py:DBG:2013-11-12 01:43:23.137001: geojson: parsing [Feature]
vec.py:DBG:2013-11-12 01:43:23.137192: geojson: parsing [Polygon]
vec.py:DBG:2013-11-12 01:43:23.137471: geojson: parsing [Feature]
vec.py:DBG:2013-11-12 01:43:23.137623: geojson: parsing [Polygon]
vec.py:DBG:2013-11-12 01:43:23.138080: geojson: parsing [Feature]
vec.py:DBG:2013-11-12 01:43:23.138283: geojson: parsing [Polygon]
vec.py:DBG:2013-11-12 01:43:23.138724: geojson: parsing [Feature]
vec.py:DBG:2013-11-12 01:43:23.138988: geojson: parsing [Polygon]
vec.py:DBG:2013-11-12 01:43:23.139337: geojson: parsing [Feature]
vec.py:DBG:2013-11-12 01:43:23.139506: geojson: parsing [Polygon]
vec.py:DBG:2013-11-12 01:43:23.139966: geojson: parsing [Feature]
vec.py:DBG:2013-11-12 01:43:23.140216: geojson: parsing [Polygon]
vec.py:DBG:2013-11-12 01:43:23.140639: geojson: parsing [Feature]
vec.py:DBG:2013-11-12 01:43:23.140958: geojson: parsing [Polygon]
vec.py:DBG:2013-11-12 01:43:23.141358: geojson: parsing [Feature]
vec.py:DBG:2013-11-12 01:43:23.141597: geojson: parsing [Polygon]
vec.py:DBG:2013-11-12 01:43:23.142079: geojson: parsing [Feature]
vec.py:DBG:2013-11-12 01:43:23.142306: geojson: parsing [Polygon]
vec.py:DBG:2013-11-12 01:43:23.142779: geojson: parsing [Feature]
vec.py:DBG:2013-11-12 01:43:23.143082: geojson: parsing [Polygon]
vec.py:DBG:2013-11-12 01:43:23.143494: geojson: parsing [Feature]
vec.py:DBG:2013-11-12 01:43:23.143800: geojson: parsing [Polygon]
vec.py:DBG:2013-11-12 01:43:23.144214: geojson: parsing [Feature]
vec.py:DBG:2013-11-12 01:43:23.144441: geojson: parsing [Polygon]
vec.py:DBG:2013-11-12 01:43:23.144932: geojson: parsing [Feature]
vec.py:DBG:2013-11-12 01:43:23.145168: geojson: parsing [Polygon]
vec.py:DBG:2013-11-12 01:43:23.145586: geojson: parsing [Feature]
vec.py:DBG:2013-11-12 01:43:23.145887: geojson: parsing [Polygon]
vec.py:DBG:2013-11-12 01:43:23.146311: geojson: parsing [Feature]
vec.py:DBG:2013-11-12 01:43:23.146553: geojson: parsing [Polygon]
vec.py:DBG:2013-11-12 01:43:23.147063: geojson: parsing [Feature]
vec.py:DBG:2013-11-12 01:43:23.147338: geojson: parsing [Polygon]
vec.py:DBG:2013-11-12 01:43:23.147969: geojson: parsing [Feature]
vec.py:DBG:2013-11-12 01:43:23.148238: geojson: parsing [Polygon]
vec.py:DBG:2013-11-12 01:43:23.148866: geojson: parsing [Feature]
vec.py:DBG:2013-11-12 01:43:23.149240: geojson: parsing [Polygon]
vec.py:DBG:2013-11-12 01:43:23.150099: geojson: parsing [Feature]
vec.py:DBG:2013-11-12 01:43:23.150519: geojson: parsing [Polygon]
vec.py:DBG:2013-11-12 01:43:23.151333: geojson: parsing [Feature]
vec.py:DBG:2013-11-12 01:43:23.151849: geojson: parsing [Polygon]
vec.py:DBG:2013-11-12 01:43:23.152583: geojson: parsing [Feature]
vec.py:DBG:2013-11-12 01:43:23.153087: geojson: parsing [Polygon]
vec.py:DBG:2013-11-12 01:43:23.153902: geojson: parsing [Feature]
vec.py:DBG:2013-11-12 01:43:23.154297: geojson: parsing [Polygon]
vec.py:DBG:2013-11-12 01:43:23.155134: geojson: parsing [Feature]
vec.py:DBG:2013-11-12 01:43:23.155560: geojson: parsing [Polygon]
vec.py:DBG:2013-11-12 01:43:23.156422: geojson: parsing [Feature]
vec.py:DBG:2013-11-12 01:43:23.156925: geojson: parsing [Polygon]
vec.py:DBG:2013-11-12 01:43:23.157770: geojson: parsing [Feature]
vec.py:DBG:2013-11-12 01:43:23.158105: geojson: parsing [Polygon]
vec.py:DBG:2013-11-12 01:43:23.158910: geojson: parsing [Feature]
vec.py:DBG:2013-11-12 01:43:23.159220: geojson: parsing [Polygon]
vec.py:DBG:2013-11-12 01:43:23.159925: geojson: parsing [Feature]
vec.py:DBG:2013-11-12 01:43:23.160204: geojson: parsing [Polygon]
vec.py:DBG:2013-11-12 01:43:23.160820: geojson: parsing [Feature]
vec.py:DBG:2013-11-12 01:43:23.161113: geojson: parsing [Polygon]
vec.py:DBG:2013-11-12 01:43:23.161817: geojson: parsing [Feature]
vec.py:DBG:2013-11-12 01:43:23.162126: geojson: parsing [Polygon]
vec.py:DBG:2013-11-12 01:43:23.162746: geojson: parsing [Feature]
vec.py:DBG:2013-11-12 01:43:23.163006: geojson: parsing [Polygon]
vec.py:DBG:2013-11-12 01:43:23.163449: geojson: parsing [Feature]
vec.py:DBG:2013-11-12 01:43:23.163783: geojson: parsing [Polygon]
vec.py:DBG:2013-11-12 01:43:23.164242: geojson: parsing [Feature]
vec.py:DBG:2013-11-12 01:43:23.164479: geojson: parsing [Polygon]
vec.py:DBG:2013-11-12 01:43:23.165043: geojson: parsing [Feature]
vec.py:DBG:2013-11-12 01:43:23.165354: geojson: parsing [Polygon]
vec.py:DBG:2013-11-12 01:43:23.166016: geojson: parsing [Feature]
vec.py:DBG:2013-11-12 01:43:23.166298: geojson: parsing [Polygon]
vec.py:DBG:2013-11-12 01:43:23.166949: geojson: parsing [Feature]
vec.py:DBG:2013-11-12 01:43:23.167232: geojson: parsing [Polygon]
vec.py:DBG:2013-11-12 01:43:23.167860: geojson: parsing [Feature]
vec.py:DBG:2013-11-12 01:43:23.168160: geojson: parsing [Polygon]
vec.py:DBG:2013-11-12 01:43:23.168779: geojson: parsing [Feature]
vec.py:DBG:2013-11-12 01:43:23.169054: geojson: parsing [Polygon]
vec.py:DBG:2013-11-12 01:43:23.169578: geojson: parsing [Feature]
vec.py:DBG:2013-11-12 01:43:23.169996: geojson: parsing [Polygon]
vec.py:DBG:2013-11-12 01:43:23.170659: geojson: parsing [Feature]
vec.py:DBG:2013-11-12 01:43:23.171085: geojson: parsing [Polygon]
vec.py:DBG:2013-11-12 01:43:23.171758: geojson: parsing [Feature]
vec.py:DBG:2013-11-12 01:43:23.172080: geojson: parsing [Polygon]
vec.py:DBG:2013-11-12 01:43:23.172634: geojson: parsing [Feature]
vec.py:DBG:2013-11-12 01:43:23.173212: geojson: parsing [Polygon]
vec.py:DBG:2013-11-12 01:43:23.173971: geojson: parsing [Feature]
vec.py:DBG:2013-11-12 01:43:23.174304: geojson: parsing [Polygon]
vec.py:DBG:2013-11-12 01:43:23.175037: geojson: parsing [Feature]
vec.py:DBG:2013-11-12 01:43:23.175347: geojson: parsing [Polygon]
vec.py:DBG:2013-11-12 01:43:23.176113: geojson: parsing [Feature]
vec.py:DBG:2013-11-12 01:43:23.176441: geojson: parsing [Polygon]
vec.py:DBG:2013-11-12 01:43:23.177141: geojson: parsing [Feature]
vec.py:DBG:2013-11-12 01:43:23.177378: geojson: parsing [Polygon]
vec.py:DBG:2013-11-12 01:43:23.177863: geojson: parsing [Feature]
vec.py:DBG:2013-11-12 01:43:23.178069: geojson: parsing [Polygon]
vec.py:DBG:2013-11-12 01:43:23.178485: geojson: parsing [Feature]
vec.py:DBG:2013-11-12 01:43:23.178761: geojson: parsing [Polygon]
vec.py:DBG:2013-11-12 01:43:23.179170: geojson: parsing [Feature]
vec.py:DBG:2013-11-12 01:43:23.179367: geojson: parsing [Polygon]
vec.py:DBG:2013-11-12 01:43:23.179875: geojson: parsing [Feature]
vec.py:DBG:2013-11-12 01:43:23.180083: geojson: parsing [Polygon]
vec.py:DBG:2013-11-12 01:43:23.180469: geojson: parsing [Feature]
vec.py:DBG:2013-11-12 01:43:23.180749: geojson: parsing [Polygon]
vec.py:DBG:2013-11-12 01:43:23.181175: geojson: parsing [Feature]
vec.py:DBG:2013-11-12 01:43:23.181379: geojson: parsing [Polygon]
vec.py:DBG:2013-11-12 01:43:23.181869: geojson: parsing [Feature]
vec.py:DBG:2013-11-12 01:43:23.182087: geojson: parsing [Polygon]
vec.py:DBG:2013-11-12 01:43:23.182518: geojson: parsing [Feature]
vec.py:DBG:2013-11-12 01:43:23.182810: geojson: parsing [Polygon]
vec.py:DBG:2013-11-12 01:43:23.183235: geojson: parsing [Feature]
vec.py:DBG:2013-11-12 01:43:23.183445: geojson: parsing [Polygon]
vec.py:DBG:2013-11-12 01:43:23.183930: geojson: parsing [Feature]
vec.py:DBG:2013-11-12 01:43:23.184132: geojson: parsing [Polygon]
vec.py:DBG:2013-11-12 01:43:23.184514: geojson: parsing [Feature]
vec.py:DBG:2013-11-12 01:43:23.184773: geojson: parsing [Polygon]
vec.py:DBG:2013-11-12 01:43:23.185179: geojson: parsing [Feature]
vec.py:DBG:2013-11-12 01:43:23.185368: geojson: parsing [Polygon]
vec.py:DBG:2013-11-12 01:43:23.185838: geojson: parsing [Feature]
vec.py:DBG:2013-11-12 01:43:23.186035: geojson: parsing [Polygon]
vec.py:INF:2013-11-12 01:43:23.186498: produced 7806 points from image
vec.py:INF:2013-11-12 01:43:25.029927: written 7806 points to ./long.dat
vec.py:INF:2013-11-12 01:43:25.537604: written 7806 points to ./long.json
vec.py:DBG:2013-11-12 01:43:25.537844: [vecgraph.R ./long.dat ./long.plot.png]
vec.py:DBG:2013-11-12 01:43:28.175328: plotter output:
vecgraph.R : readng ./long.dat 
vecgraph.R : writting ./long.plot.png 
vecgraph.R : plotting
null device 
          1 
vec.py:INF:2013-11-12 01:43:28.175710: graph written to ./long.plot.png
vec.py:INF:2013-11-12 01:43:28.189474: ----------------------------------------
vec.py:INF:2013-11-12 01:43:28.189740: processing the image [tall.jpg]
vec.py:DBG:2013-11-12 01:43:28.190113: [identify -format %w,%h tall.jpg]
vec.py:INF:2013-11-12 01:43:28.216256: image width: 2560, height: 1920
vec.py:DBG:2013-11-12 01:43:28.216526: resizing to 256px
vec.py:DBG:2013-11-12 01:43:28.216763: exec cmd [ convert - -resize x256 png:- | pngtopam | mkbitmap -s 1 | potrace --tight -H 10cm -s --group -o ./tall.svg ]
vec.py:INF:2013-11-12 01:43:30.757693: vectorisation sample written to ./tall.svg
vec.py:DBG:2013-11-12 01:43:30.757981: exec cmd [ convert - -resize x256 png:- | pngtopam | mkbitmap -s 1 | potrace --tight -H 256 -b geojson ]
vec.py:DBG:2013-11-12 01:43:34.500795: geojson: parsing [FeatureCollection]
vec.py:DBG:2013-11-12 01:43:34.501041: geojson: parsing [Feature]
vec.py:DBG:2013-11-12 01:43:34.501166: geojson: parsing [Polygon]
vec.py:DBG:2013-11-12 01:43:34.501366: geojson: parsing [Feature]
vec.py:DBG:2013-11-12 01:43:34.501604: geojson: parsing [Polygon]
vec.py:DBG:2013-11-12 01:43:34.501866: geojson: parsing [Feature]
vec.py:DBG:2013-11-12 01:43:34.502011: geojson: parsing [Polygon]
vec.py:DBG:2013-11-12 01:43:34.502292: geojson: parsing [Feature]
vec.py:DBG:2013-11-12 01:43:34.502501: geojson: parsing [Polygon]
vec.py:DBG:2013-11-12 01:43:34.502783: geojson: parsing [Feature]
vec.py:DBG:2013-11-12 01:43:34.502947: geojson: parsing [Polygon]
vec.py:DBG:2013-11-12 01:43:34.503121: geojson: parsing [Feature]
vec.py:DBG:2013-11-12 01:43:34.503243: geojson: parsing [Polygon]
vec.py:DBG:2013-11-12 01:43:34.503400: geojson: parsing [Feature]
vec.py:DBG:2013-11-12 01:43:34.503666: geojson: parsing [Polygon]
vec.py:DBG:2013-11-12 01:43:34.503913: geojson: parsing [Feature]
vec.py:DBG:2013-11-12 01:43:34.504050: geojson: parsing [Polygon]
vec.py:DBG:2013-11-12 01:43:34.504214: geojson: parsing [Feature]
vec.py:DBG:2013-11-12 01:43:34.504332: geojson: parsing [Polygon]
vec.py:DBG:2013-11-12 01:43:34.504601: geojson: parsing [Feature]
vec.py:DBG:2013-11-12 01:43:34.504765: geojson: parsing [Polygon]
vec.py:DBG:2013-11-12 01:43:34.504958: geojson: parsing [Feature]
vec.py:DBG:2013-11-12 01:43:34.505081: geojson: parsing [Polygon]
vec.py:DBG:2013-11-12 01:43:34.505247: geojson: parsing [Feature]
vec.py:DBG:2013-11-12 01:43:34.505364: geojson: parsing [Polygon]
vec.py:DBG:2013-11-12 01:43:34.505676: geojson: parsing [Feature]
vec.py:DBG:2013-11-12 01:43:34.505842: geojson: parsing [Polygon]
vec.py:DBG:2013-11-12 01:43:34.506027: geojson: parsing [Feature]
vec.py:DBG:2013-11-12 01:43:34.506150: geojson: parsing [Polygon]
vec.py:DBG:2013-11-12 01:43:34.506320: geojson: parsing [Feature]
vec.py:DBG:2013-11-12 01:43:34.506514: geojson: parsing [Polygon]
vec.py:DBG:2013-11-12 01:43:34.506775: geojson: parsing [Feature]
vec.py:DBG:2013-11-12 01:43:34.506916: geojson: parsing [Polygon]
vec.py:DBG:2013-11-12 01:43:34.507110: geojson: parsing [Feature]
vec.py:DBG:2013-11-12 01:43:34.507235: geojson: parsing [Polygon]
vec.py:DBG:2013-11-12 01:43:34.507409: geojson: parsing [Feature]
vec.py:DBG:2013-11-12 01:43:34.507674: geojson: parsing [Polygon]
vec.py:DBG:2013-11-12 01:43:34.507887: geojson: parsing [Feature]
vec.py:DBG:2013-11-12 01:43:34.508014: geojson: parsing [Polygon]
vec.py:DBG:2013-11-12 01:43:34.508189: geojson: parsing [Feature]
vec.py:DBG:2013-11-12 01:43:34.508311: geojson: parsing [Polygon]
vec.py:DBG:2013-11-12 01:43:34.508627: geojson: parsing [Feature]
vec.py:DBG:2013-11-12 01:43:34.508798: geojson: parsing [Polygon]
vec.py:DBG:2013-11-12 01:43:34.508996: geojson: parsing [Feature]
vec.py:DBG:2013-11-12 01:43:34.509121: geojson: parsing [Polygon]
vec.py:DBG:2013-11-12 01:43:34.509299: geojson: parsing [Feature]
vec.py:DBG:2013-11-12 01:43:34.509507: geojson: parsing [Polygon]
vec.py:DBG:2013-11-12 01:43:34.509944: geojson: parsing [Feature]
vec.py:DBG:2013-11-12 01:43:34.510163: geojson: parsing [Polygon]
vec.py:DBG:2013-11-12 01:43:34.510379: geojson: parsing [Feature]
vec.py:DBG:2013-11-12 01:43:34.510636: geojson: parsing [Polygon]
vec.py:DBG:2013-11-12 01:43:34.510965: geojson: parsing [Feature]
vec.py:DBG:2013-11-12 01:43:34.511166: geojson: parsing [Polygon]
vec.py:DBG:2013-11-12 01:43:34.511527: geojson: parsing [Feature]
vec.py:DBG:2013-11-12 01:43:34.511737: geojson: parsing [Polygon]
vec.py:DBG:2013-11-12 01:43:34.512020: geojson: parsing [Feature]
vec.py:DBG:2013-11-12 01:43:34.512203: geojson: parsing [Polygon]
vec.py:DBG:2013-11-12 01:43:34.512538: geojson: parsing [Feature]
vec.py:DBG:2013-11-12 01:43:34.512740: geojson: parsing [Polygon]
vec.py:DBG:2013-11-12 01:43:34.513025: geojson: parsing [Feature]
vec.py:DBG:2013-11-12 01:43:34.513211: geojson: parsing [Polygon]
vec.py:DBG:2013-11-12 01:43:34.513548: geojson: parsing [Feature]
vec.py:DBG:2013-11-12 01:43:34.513752: geojson: parsing [Polygon]
vec.py:DBG:2013-11-12 01:43:34.514031: geojson: parsing [Feature]
vec.py:DBG:2013-11-12 01:43:34.514230: geojson: parsing [Polygon]
vec.py:DBG:2013-11-12 01:43:34.514575: geojson: parsing [Feature]
vec.py:DBG:2013-11-12 01:43:34.514781: geojson: parsing [Polygon]
vec.py:DBG:2013-11-12 01:43:34.515078: geojson: parsing [Feature]
vec.py:DBG:2013-11-12 01:43:34.515259: geojson: parsing [Polygon]
vec.py:DBG:2013-11-12 01:43:34.515708: geojson: parsing [Feature]
vec.py:DBG:2013-11-12 01:43:34.515919: geojson: parsing [Polygon]
vec.py:DBG:2013-11-12 01:43:34.516199: geojson: parsing [Feature]
vec.py:DBG:2013-11-12 01:43:34.516385: geojson: parsing [Polygon]
vec.py:DBG:2013-11-12 01:43:34.516753: geojson: parsing [Feature]
vec.py:DBG:2013-11-12 01:43:34.516947: geojson: parsing [Polygon]
vec.py:DBG:2013-11-12 01:43:34.517244: geojson: parsing [Feature]
vec.py:DBG:2013-11-12 01:43:34.517578: geojson: parsing [Polygon]
vec.py:DBG:2013-11-12 01:43:34.517912: geojson: parsing [Feature]
vec.py:DBG:2013-11-12 01:43:34.518059: geojson: parsing [Polygon]
vec.py:DBG:2013-11-12 01:43:34.518258: geojson: parsing [Feature]
vec.py:DBG:2013-11-12 01:43:34.518386: geojson: parsing [Polygon]
vec.py:DBG:2013-11-12 01:43:34.518766: geojson: parsing [Feature]
vec.py:DBG:2013-11-12 01:43:34.518951: geojson: parsing [Polygon]
vec.py:DBG:2013-11-12 01:43:34.519167: geojson: parsing [Feature]
vec.py:DBG:2013-11-12 01:43:34.519293: geojson: parsing [Polygon]
vec.py:DBG:2013-11-12 01:43:34.519631: geojson: parsing [Feature]
vec.py:DBG:2013-11-12 01:43:34.519844: geojson: parsing [Polygon]
vec.py:DBG:2013-11-12 01:43:34.520082: geojson: parsing [Feature]
vec.py:DBG:2013-11-12 01:43:34.520214: geojson: parsing [Polygon]
vec.py:DBG:2013-11-12 01:43:34.520512: geojson: parsing [Feature]
vec.py:DBG:2013-11-12 01:43:34.520730: geojson: parsing [Polygon]
vec.py:DBG:2013-11-12 01:43:34.520981: geojson: parsing [Feature]
vec.py:DBG:2013-11-12 01:43:34.521119: geojson: parsing [Polygon]
vec.py:DBG:2013-11-12 01:43:34.521329: geojson: parsing [Feature]
vec.py:DBG:2013-11-12 01:43:34.521551: geojson: parsing [Polygon]
vec.py:DBG:2013-11-12 01:43:34.521894: geojson: parsing [Feature]
vec.py:DBG:2013-11-12 01:43:34.522055: geojson: parsing [Polygon]
vec.py:DBG:2013-11-12 01:43:34.522267: geojson: parsing [Feature]
vec.py:DBG:2013-11-12 01:43:34.522396: geojson: parsing [Polygon]
vec.py:DBG:2013-11-12 01:43:34.522940: geojson: parsing [Feature]
vec.py:DBG:2013-11-12 01:43:34.523219: geojson: parsing [Polygon]
vec.py:DBG:2013-11-12 01:43:34.523650: geojson: parsing [Feature]
vec.py:DBG:2013-11-12 01:43:34.523832: geojson: parsing [Polygon]
vec.py:DBG:2013-11-12 01:43:34.524087: geojson: parsing [Feature]
vec.py:DBG:2013-11-12 01:43:34.524228: geojson: parsing [Polygon]
vec.py:DBG:2013-11-12 01:43:34.524538: geojson: parsing [Feature]
vec.py:DBG:2013-11-12 01:43:34.524760: geojson: parsing [Polygon]
vec.py:DBG:2013-11-12 01:43:34.525056: geojson: parsing [Feature]
vec.py:DBG:2013-11-12 01:43:34.525201: geojson: parsing [Polygon]
vec.py:DBG:2013-11-12 01:43:34.525528: geojson: parsing [Feature]
vec.py:DBG:2013-11-12 01:43:34.525775: geojson: parsing [Polygon]
vec.py:DBG:2013-11-12 01:43:34.526112: geojson: parsing [Feature]
vec.py:DBG:2013-11-12 01:43:34.526330: geojson: parsing [Polygon]
vec.py:DBG:2013-11-12 01:43:34.526753: geojson: parsing [Feature]
vec.py:DBG:2013-11-12 01:43:34.526984: geojson: parsing [Polygon]
vec.py:DBG:2013-11-12 01:43:34.527320: geojson: parsing [Feature]
vec.py:DBG:2013-11-12 01:43:34.527596: geojson: parsing [Polygon]
vec.py:DBG:2013-11-12 01:43:34.527975: geojson: parsing [Feature]
vec.py:DBG:2013-11-12 01:43:34.528185: geojson: parsing [Polygon]
vec.py:DBG:2013-11-12 01:43:34.528602: geojson: parsing [Feature]
vec.py:DBG:2013-11-12 01:43:34.528828: geojson: parsing [Polygon]
vec.py:DBG:2013-11-12 01:43:34.529186: geojson: parsing [Feature]
vec.py:DBG:2013-11-12 01:43:34.529392: geojson: parsing [Polygon]
vec.py:DBG:2013-11-12 01:43:34.529866: geojson: parsing [Feature]
vec.py:DBG:2013-11-12 01:43:34.530086: geojson: parsing [Polygon]
vec.py:DBG:2013-11-12 01:43:34.530516: geojson: parsing [Feature]
vec.py:DBG:2013-11-12 01:43:34.530742: geojson: parsing [Polygon]
vec.py:DBG:2013-11-12 01:43:34.531095: geojson: parsing [Feature]
vec.py:DBG:2013-11-12 01:43:34.531300: geojson: parsing [Polygon]
vec.py:DBG:2013-11-12 01:43:34.531725: geojson: parsing [Feature]
vec.py:DBG:2013-11-12 01:43:34.531945: geojson: parsing [Polygon]
vec.py:DBG:2013-11-12 01:43:34.532375: geojson: parsing [Feature]
vec.py:DBG:2013-11-12 01:43:34.532697: geojson: parsing [Polygon]
vec.py:DBG:2013-11-12 01:43:34.533066: geojson: parsing [Feature]
vec.py:DBG:2013-11-12 01:43:34.533286: geojson: parsing [Polygon]
vec.py:DBG:2013-11-12 01:43:34.533801: geojson: parsing [Feature]
vec.py:DBG:2013-11-12 01:43:34.534013: geojson: parsing [Polygon]
vec.py:DBG:2013-11-12 01:43:34.534272: geojson: parsing [Feature]
vec.py:DBG:2013-11-12 01:43:34.534482: geojson: parsing [Polygon]
vec.py:DBG:2013-11-12 01:43:34.534895: geojson: parsing [Feature]
vec.py:DBG:2013-11-12 01:43:34.535080: geojson: parsing [Polygon]
vec.py:DBG:2013-11-12 01:43:34.535677: geojson: parsing [Feature]
vec.py:DBG:2013-11-12 01:43:34.535929: geojson: parsing [Polygon]
vec.py:DBG:2013-11-12 01:43:34.536221: geojson: parsing [Feature]
vec.py:DBG:2013-11-12 01:43:34.536374: geojson: parsing [Polygon]
vec.py:DBG:2013-11-12 01:43:34.536824: geojson: parsing [Feature]
vec.py:DBG:2013-11-12 01:43:34.537009: geojson: parsing [Polygon]
vec.py:DBG:2013-11-12 01:43:34.537271: geojson: parsing [Feature]
vec.py:DBG:2013-11-12 01:43:34.537483: geojson: parsing [Polygon]
vec.py:DBG:2013-11-12 01:43:34.537900: geojson: parsing [Feature]
vec.py:DBG:2013-11-12 01:43:34.538084: geojson: parsing [Polygon]
vec.py:DBG:2013-11-12 01:43:34.538340: geojson: parsing [Feature]
vec.py:DBG:2013-11-12 01:43:34.538594: geojson: parsing [Polygon]
vec.py:DBG:2013-11-12 01:43:34.538981: geojson: parsing [Feature]
vec.py:DBG:2013-11-12 01:43:34.539243: geojson: parsing [Polygon]
vec.py:DBG:2013-11-12 01:43:34.539856: geojson: parsing [Feature]
vec.py:DBG:2013-11-12 01:43:34.540148: geojson: parsing [Polygon]
vec.py:DBG:2013-11-12 01:43:34.540570: geojson: parsing [Feature]
vec.py:DBG:2013-11-12 01:43:34.540800: geojson: parsing [Polygon]
vec.py:DBG:2013-11-12 01:43:34.541095: geojson: parsing [Feature]
vec.py:DBG:2013-11-12 01:43:34.541248: geojson: parsing [Polygon]
vec.py:DBG:2013-11-12 01:43:34.541690: geojson: parsing [Feature]
vec.py:DBG:2013-11-12 01:43:34.541900: geojson: parsing [Polygon]
vec.py:DBG:2013-11-12 01:43:34.542187: geojson: parsing [Feature]
vec.py:DBG:2013-11-12 01:43:34.542344: geojson: parsing [Polygon]
vec.py:DBG:2013-11-12 01:43:34.542805: geojson: parsing [Feature]
vec.py:DBG:2013-11-12 01:43:34.542994: geojson: parsing [Polygon]
vec.py:DBG:2013-11-12 01:43:34.543265: geojson: parsing [Feature]
vec.py:DBG:2013-11-12 01:43:34.543494: geojson: parsing [Polygon]
vec.py:DBG:2013-11-12 01:43:34.543932: geojson: parsing [Feature]
vec.py:DBG:2013-11-12 01:43:34.544123: geojson: parsing [Polygon]
vec.py:DBG:2013-11-12 01:43:34.544397: geojson: parsing [Feature]
vec.py:DBG:2013-11-12 01:43:34.544713: geojson: parsing [Polygon]
vec.py:DBG:2013-11-12 01:43:34.545066: geojson: parsing [Feature]
vec.py:DBG:2013-11-12 01:43:34.545227: geojson: parsing [Polygon]
vec.py:DBG:2013-11-12 01:43:34.545570: geojson: parsing [Feature]
vec.py:DBG:2013-11-12 01:43:34.545738: geojson: parsing [Polygon]
vec.py:DBG:2013-11-12 01:43:34.546007: geojson: parsing [Feature]
vec.py:DBG:2013-11-12 01:43:34.546281: geojson: parsing [Polygon]
vec.py:DBG:2013-11-12 01:43:34.546761: geojson: parsing [Feature]
vec.py:DBG:2013-11-12 01:43:34.546943: geojson: parsing [Polygon]
vec.py:DBG:2013-11-12 01:43:34.547215: geojson: parsing [Feature]
vec.py:DBG:2013-11-12 01:43:34.547365: geojson: parsing [Polygon]
vec.py:DBG:2013-11-12 01:43:34.547715: geojson: parsing [Feature]
vec.py:DBG:2013-11-12 01:43:34.547873: geojson: parsing [Polygon]
vec.py:DBG:2013-11-12 01:43:34.548146: geojson: parsing [Feature]
vec.py:DBG:2013-11-12 01:43:34.548294: geojson: parsing [Polygon]
vec.py:DBG:2013-11-12 01:43:34.548651: geojson: parsing [Feature]
vec.py:DBG:2013-11-12 01:43:34.548816: geojson: parsing [Polygon]
vec.py:DBG:2013-11-12 01:43:34.549092: geojson: parsing [Feature]
vec.py:DBG:2013-11-12 01:43:34.549241: geojson: parsing [Polygon]
vec.py:DBG:2013-11-12 01:43:34.549605: geojson: parsing [Feature]
vec.py:DBG:2013-11-12 01:43:34.549771: geojson: parsing [Polygon]
vec.py:DBG:2013-11-12 01:43:34.550153: geojson: parsing [Feature]
vec.py:DBG:2013-11-12 01:43:34.550322: geojson: parsing [Polygon]
vec.py:DBG:2013-11-12 01:43:34.550675: geojson: parsing [Feature]
vec.py:DBG:2013-11-12 01:43:34.550844: geojson: parsing [Polygon]
vec.py:DBG:2013-11-12 01:43:34.551127: geojson: parsing [Feature]
vec.py:DBG:2013-11-12 01:43:34.551279: geojson: parsing [Polygon]
vec.py:DBG:2013-11-12 01:43:34.551647: geojson: parsing [Feature]
vec.py:DBG:2013-11-12 01:43:34.551816: geojson: parsing [Polygon]
vec.py:DBG:2013-11-12 01:43:34.552100: geojson: parsing [Feature]
vec.py:DBG:2013-11-12 01:43:34.552252: geojson: parsing [Polygon]
vec.py:DBG:2013-11-12 01:43:34.552607: geojson: parsing [Feature]
vec.py:DBG:2013-11-12 01:43:34.552774: geojson: parsing [Polygon]
vec.py:DBG:2013-11-12 01:43:34.553055: geojson: parsing [Feature]
vec.py:DBG:2013-11-12 01:43:34.553207: geojson: parsing [Polygon]
vec.py:DBG:2013-11-12 01:43:34.553557: geojson: parsing [Feature]
vec.py:DBG:2013-11-12 01:43:34.553724: geojson: parsing [Polygon]
vec.py:DBG:2013-11-12 01:43:34.554029: geojson: parsing [Feature]
vec.py:DBG:2013-11-12 01:43:34.554286: geojson: parsing [Polygon]
vec.py:DBG:2013-11-12 01:43:34.554652: geojson: parsing [Feature]
vec.py:DBG:2013-11-12 01:43:34.554822: geojson: parsing [Polygon]
vec.py:DBG:2013-11-12 01:43:34.555127: geojson: parsing [Feature]
vec.py:DBG:2013-11-12 01:43:34.555284: geojson: parsing [Polygon]
vec.py:DBG:2013-11-12 01:43:34.555644: geojson: parsing [Feature]
vec.py:DBG:2013-11-12 01:43:34.555816: geojson: parsing [Polygon]
vec.py:DBG:2013-11-12 01:43:34.556105: geojson: parsing [Feature]
vec.py:DBG:2013-11-12 01:43:34.556263: geojson: parsing [Polygon]
vec.py:DBG:2013-11-12 01:43:34.556641: geojson: parsing [Feature]
vec.py:DBG:2013-11-12 01:43:34.556814: geojson: parsing [Polygon]
vec.py:DBG:2013-11-12 01:43:34.557102: geojson: parsing [Feature]
vec.py:DBG:2013-11-12 01:43:34.557258: geojson: parsing [Polygon]
vec.py:DBG:2013-11-12 01:43:34.557618: geojson: parsing [Feature]
vec.py:DBG:2013-11-12 01:43:34.557790: geojson: parsing [Polygon]
vec.py:DBG:2013-11-12 01:43:34.558082: geojson: parsing [Feature]
vec.py:DBG:2013-11-12 01:43:34.558238: geojson: parsing [Polygon]
vec.py:DBG:2013-11-12 01:43:34.558601: geojson: parsing [Feature]
vec.py:DBG:2013-11-12 01:43:34.558790: geojson: parsing [Polygon]
vec.py:DBG:2013-11-12 01:43:34.559088: geojson: parsing [Feature]
vec.py:DBG:2013-11-12 01:43:34.559248: geojson: parsing [Polygon]
vec.py:DBG:2013-11-12 01:43:34.559643: geojson: parsing [Feature]
vec.py:DBG:2013-11-12 01:43:34.559818: geojson: parsing [Polygon]
vec.py:DBG:2013-11-12 01:43:34.560506: geojson: parsing [Feature]
vec.py:DBG:2013-11-12 01:43:34.560734: geojson: parsing [Polygon]
vec.py:DBG:2013-11-12 01:43:34.561073: geojson: parsing [Feature]
vec.py:DBG:2013-11-12 01:43:34.561246: geojson: parsing [Polygon]
vec.py:DBG:2013-11-12 01:43:34.561636: geojson: parsing [Feature]
vec.py:DBG:2013-11-12 01:43:34.561817: geojson: parsing [Polygon]
vec.py:INF:2013-11-12 01:43:34.562137: produced 5059 points from image
vec.py:INF:2013-11-12 01:43:35.466135: written 5059 points to ./tall.dat
vec.py:INF:2013-11-12 01:43:35.821350: written 5059 points to ./tall.json
vec.py:DBG:2013-11-12 01:43:35.821591: [vecgraph.R ./tall.dat ./tall.plot.png]
vec.py:DBG:2013-11-12 01:43:37.820247: plotter output:
vecgraph.R : readng ./tall.dat 
vecgraph.R : writting ./tall.plot.png 
vecgraph.R : plotting
null device 
          1 
vec.py:INF:2013-11-12 01:43:37.820516: graph written to ./tall.plot.png
vec.py:INF:2013-11-12 01:43:37.828242: ----------------------------------------
vec.py:INF:2013-11-12 01:43:37.828521: processing the image [twilight_library.jpg]
vec.py:DBG:2013-11-12 01:43:37.828826: [identify -format %w,%h twilight_library.jpg]
vec.py:INF:2013-11-12 01:43:37.848745: image width: 900, height: 675
vec.py:DBG:2013-11-12 01:43:37.849001: resizing to 256px
vec.py:DBG:2013-11-12 01:43:37.849189: exec cmd [ convert - -resize x256 png:- | pngtopam | mkbitmap -s 1 | potrace --tight -H 10cm -s --group -o ./twilight_library.svg ]
vec.py:INF:2013-11-12 01:43:38.612012: vectorisation sample written to ./twilight_library.svg
vec.py:DBG:2013-11-12 01:43:38.612291: exec cmd [ convert - -resize x256 png:- | pngtopam | mkbitmap -s 1 | potrace --tight -H 256 -b geojson ]
vec.py:DBG:2013-11-12 01:43:43.850604: geojson: parsing [FeatureCollection]
vec.py:DBG:2013-11-12 01:43:43.850922: geojson: parsing [Feature]
vec.py:DBG:2013-11-12 01:43:43.851141: geojson: parsing [Polygon]
vec.py:DBG:2013-11-12 01:43:43.851389: geojson: parsing [Feature]
vec.py:DBG:2013-11-12 01:43:43.851535: geojson: parsing [Polygon]
vec.py:DBG:2013-11-12 01:43:43.851769: geojson: parsing [Feature]
vec.py:DBG:2013-11-12 01:43:43.851963: geojson: parsing [Polygon]
vec.py:DBG:2013-11-12 01:43:43.852121: geojson: parsing [Feature]
vec.py:DBG:2013-11-12 01:43:43.852238: geojson: parsing [Polygon]
vec.py:DBG:2013-11-12 01:43:43.852375: geojson: parsing [Feature]
vec.py:DBG:2013-11-12 01:43:43.852489: geojson: parsing [Polygon]
vec.py:DBG:2013-11-12 01:43:43.852631: geojson: parsing [Feature]
vec.py:DBG:2013-11-12 01:43:43.852854: geojson: parsing [Polygon]
vec.py:DBG:2013-11-12 01:43:43.853099: geojson: parsing [Feature]
vec.py:DBG:2013-11-12 01:43:43.853265: geojson: parsing [Polygon]
vec.py:DBG:2013-11-12 01:43:43.853419: geojson: parsing [Feature]
vec.py:DBG:2013-11-12 01:43:43.853535: geojson: parsing [Polygon]
vec.py:DBG:2013-11-12 01:43:43.853760: geojson: parsing [Feature]
vec.py:DBG:2013-11-12 01:43:43.853943: geojson: parsing [Polygon]
vec.py:DBG:2013-11-12 01:43:43.854113: geojson: parsing [Feature]
vec.py:DBG:2013-11-12 01:43:43.854229: geojson: parsing [Polygon]
vec.py:DBG:2013-11-12 01:43:43.854380: geojson: parsing [Feature]
vec.py:DBG:2013-11-12 01:43:43.854492: geojson: parsing [Polygon]
vec.py:DBG:2013-11-12 01:43:43.854651: geojson: parsing [Feature]
vec.py:DBG:2013-11-12 01:43:43.854904: geojson: parsing [Polygon]
vec.py:DBG:2013-11-12 01:43:43.855133: geojson: parsing [Feature]
vec.py:DBG:2013-11-12 01:43:43.855262: geojson: parsing [Polygon]
vec.py:DBG:2013-11-12 01:43:43.855415: geojson: parsing [Feature]
vec.py:DBG:2013-11-12 01:43:43.855530: geojson: parsing [Polygon]
vec.py:DBG:2013-11-12 01:43:43.855759: geojson: parsing [Feature]
vec.py:DBG:2013-11-12 01:43:43.855947: geojson: parsing [Polygon]
vec.py:DBG:2013-11-12 01:43:43.856131: geojson: parsing [Feature]
vec.py:DBG:2013-11-12 01:43:43.856253: geojson: parsing [Polygon]
vec.py:DBG:2013-11-12 01:43:43.856408: geojson: parsing [Feature]
vec.py:DBG:2013-11-12 01:43:43.856525: geojson: parsing [Polygon]
vec.py:DBG:2013-11-12 01:43:43.856767: geojson: parsing [Feature]
vec.py:DBG:2013-11-12 01:43:43.856960: geojson: parsing [Polygon]
vec.py:DBG:2013-11-12 01:43:43.857148: geojson: parsing [Feature]
vec.py:DBG:2013-11-12 01:43:43.857269: geojson: parsing [Polygon]
vec.py:DBG:2013-11-12 01:43:43.857436: geojson: parsing [Feature]
vec.py:DBG:2013-11-12 01:43:43.857570: geojson: parsing [Polygon]
vec.py:DBG:2013-11-12 01:43:43.857851: geojson: parsing [Feature]
vec.py:DBG:2013-11-12 01:43:43.858020: geojson: parsing [Polygon]
vec.py:DBG:2013-11-12 01:43:43.858211: geojson: parsing [Feature]
vec.py:DBG:2013-11-12 01:43:43.858334: geojson: parsing [Polygon]
vec.py:DBG:2013-11-12 01:43:43.858501: geojson: parsing [Feature]
vec.py:DBG:2013-11-12 01:43:43.858619: geojson: parsing [Polygon]
vec.py:DBG:2013-11-12 01:43:43.858954: geojson: parsing [Feature]
vec.py:DBG:2013-11-12 01:43:43.859115: geojson: parsing [Polygon]
vec.py:DBG:2013-11-12 01:43:43.859307: geojson: parsing [Feature]
vec.py:DBG:2013-11-12 01:43:43.859431: geojson: parsing [Polygon]
vec.py:DBG:2013-11-12 01:43:43.859605: geojson: parsing [Feature]
vec.py:DBG:2013-11-12 01:43:43.859854: geojson: parsing [Polygon]
vec.py:DBG:2013-11-12 01:43:43.860115: geojson: parsing [Feature]
vec.py:DBG:2013-11-12 01:43:43.860298: geojson: parsing [Polygon]
vec.py:DBG:2013-11-12 01:43:43.860630: geojson: parsing [Feature]
vec.py:DBG:2013-11-12 01:43:43.860996: geojson: parsing [Polygon]
vec.py:DBG:2013-11-12 01:43:43.861356: geojson: parsing [Feature]
vec.py:DBG:2013-11-12 01:43:43.861761: geojson: parsing [Polygon]
vec.py:DBG:2013-11-12 01:43:43.862102: geojson: parsing [Feature]
vec.py:DBG:2013-11-12 01:43:43.862292: geojson: parsing [Polygon]
vec.py:DBG:2013-11-12 01:43:43.862580: geojson: parsing [Feature]
vec.py:DBG:2013-11-12 01:43:43.862844: geojson: parsing [Polygon]
vec.py:DBG:2013-11-12 01:43:43.863135: geojson: parsing [Feature]
vec.py:DBG:2013-11-12 01:43:43.863321: geojson: parsing [Polygon]
vec.py:DBG:2013-11-12 01:43:43.863603: geojson: parsing [Feature]
vec.py:DBG:2013-11-12 01:43:43.863861: geojson: parsing [Polygon]
vec.py:DBG:2013-11-12 01:43:43.864151: geojson: parsing [Feature]
vec.py:DBG:2013-11-12 01:43:43.864336: geojson: parsing [Polygon]
vec.py:DBG:2013-11-12 01:43:43.864618: geojson: parsing [Feature]
vec.py:DBG:2013-11-12 01:43:43.864876: geojson: parsing [Polygon]
vec.py:DBG:2013-11-12 01:43:43.865172: geojson: parsing [Feature]
vec.py:DBG:2013-11-12 01:43:43.865357: geojson: parsing [Polygon]
vec.py:DBG:2013-11-12 01:43:43.865650: geojson: parsing [Feature]
vec.py:DBG:2013-11-12 01:43:43.865911: geojson: parsing [Polygon]
vec.py:DBG:2013-11-12 01:43:43.866276: geojson: parsing [Feature]
vec.py:DBG:2013-11-12 01:43:43.866544: geojson: parsing [Polygon]
vec.py:DBG:2013-11-12 01:43:43.867036: geojson: parsing [Feature]
vec.py:DBG:2013-11-12 01:43:43.867297: geojson: parsing [Polygon]
vec.py:DBG:2013-11-12 01:43:43.867756: geojson: parsing [Feature]
vec.py:DBG:2013-11-12 01:43:43.868016: geojson: parsing [Polygon]
vec.py:DBG:2013-11-12 01:43:43.868422: geojson: parsing [Feature]
vec.py:DBG:2013-11-12 01:43:43.868742: geojson: parsing [Polygon]
vec.py:DBG:2013-11-12 01:43:43.869171: geojson: parsing [Feature]
vec.py:DBG:2013-11-12 01:43:43.869430: geojson: parsing [Polygon]
vec.py:DBG:2013-11-12 01:43:43.869955: geojson: parsing [Feature]
vec.py:DBG:2013-11-12 01:43:43.870263: geojson: parsing [Polygon]
vec.py:DBG:2013-11-12 01:43:43.870757: geojson: parsing [Feature]
vec.py:DBG:2013-11-12 01:43:43.870987: geojson: parsing [Polygon]
vec.py:DBG:2013-11-12 01:43:43.871313: geojson: parsing [Feature]
vec.py:DBG:2013-11-12 01:43:43.871511: geojson: parsing [Polygon]
vec.py:DBG:2013-11-12 01:43:43.871913: geojson: parsing [Feature]
vec.py:DBG:2013-11-12 01:43:43.872126: geojson: parsing [Polygon]
vec.py:DBG:2013-11-12 01:43:43.872435: geojson: parsing [Feature]
vec.py:DBG:2013-11-12 01:43:43.872633: geojson: parsing [Polygon]
vec.py:DBG:2013-11-12 01:43:43.873024: geojson: parsing [Feature]
vec.py:DBG:2013-11-12 01:43:43.873221: geojson: parsing [Polygon]
vec.py:DBG:2013-11-12 01:43:43.873555: geojson: parsing [Feature]
vec.py:DBG:2013-11-12 01:43:43.873890: geojson: parsing [Polygon]
vec.py:DBG:2013-11-12 01:43:43.874307: geojson: parsing [Feature]
vec.py:DBG:2013-11-12 01:43:43.874563: geojson: parsing [Polygon]
vec.py:DBG:2013-11-12 01:43:43.875064: geojson: parsing [Feature]
vec.py:DBG:2013-11-12 01:43:43.875338: geojson: parsing [Polygon]
vec.py:DBG:2013-11-12 01:43:43.875812: geojson: parsing [Feature]
vec.py:DBG:2013-11-12 01:43:43.876063: geojson: parsing [Polygon]
